100
1 2
10
11
8 8
01011000 00110010 11011101 00011100 10110000 00100011 11001111 00110100
10100111 11110010 00000010 00011001 11101100 01001011 10010110 00010100
6 8
01111000 10010110 00001001 10000011 10101111 11110100
01100101 01101011 10011110 10011101 10100100 01101010
4 7
1110010 0110111 1011100 1100010
0010011 0111101 0000011 1010110
7 8
01010110 01100111 01000100 11011001 00100101 00111111 00011010
01000100 00110111 01110101 11001011 00101101 00001000 01010110
10 10
0010001010 1000100000 1111110111 0101011010 1001111111 1110000111 0010100101 0100011100 0001101001 1111010000
0000011001 0011111010 1110100000 1111110111 0011010101 1000001111 0100101010 1110000111 0101101100 1001010000
3 7
0100001 0011010 1110010
0111100 0100100 1111101
8 6
001011 010000 111010 111111 101100 100010 011111 010101
100101 001010 100000 101111 011100 010010 001111 111011
4 7
1000010 0110001 0100011 1010000
0110111 1000100 1010110 0100101
2 9
101110111 010000001
010000000 101110110
4 7
0101010 1001011 0111111 0000110
1101000 0101100 0010000 0110010
6 8
10110001 00100000 10000111 11101110 11101100 10110110
00110111 11111011 11111001 10100001 10010000 10100110
10 10
0111010101 1001101111 0110111100 1111110010 1111010011 0000001010 0000110100 0110101001 1001000110 1000001001
0101101010 0010001011 1010101100 0011100010 1101010111 0011110111 1100011000 1010001101 0101010100 1100110001
10 10
1001000001 1100101110 1011110111 1000101100 0010011100 0110101001 1110100010 0111011010 0101010001 0001010111
0100100000 1100101011 1011010101 0001110101 0010101110 0110101100 1000011110 1111010011 1101011000 0011000011
4 4
1100 1001 0001 0100
1110 1011 0110 0011
2 9
111101011 000111000
111000110 000010101
10 10
1100111010 1010101010 1111000000 0000111011 0000000101 0100010100 1011101111 1011010101 0101111001 0111000110
1000000000 1100101111 0111111011 0010111001 1101101010 0000000110 0111000101 1011111010 0011010100 1100010101
6 9
010100101 010101101 011001110 100010111 100011111 011000110
100110000 010001010 011101001 011100001 010000010 100111000
10 10
1100000011 0000000100 1000100111 0111101010 0010010011 0011111101 1110010110 0101011001 1011101100 1101111000
1101010010 0010101100 0110001000 0011010111 1110101011 0000111001 1001000101 1100111100 1011110110 0101000011
6 8
10010111 11010101 00100011 11010110 11001000 01101111
00100000 10010100 11010110 11010101 01101100 11001011
4 10
1000000001 0100001011 1010011100 1100100100
1011111000 0011010111 0101101111 0111110010
10 10
0110111100 0010100001 1001101111 0101110010 1101111011 1011000100 1000010010 0110011001 1011000111 0100001100
1000110001 1010011010 0011111111 1001001100 0111100010 0100101100 0111000111 1100100101 1010011001 0101010010
2 2
00 11
10 00
2 2
00 10
00 10
6 10
1111000110 0010101001 1000000100 0101111111 0001101011 0000111001
1111011100 1110001110 1100011110 1011001000 0110110011 0001110001
10 10
1001110001 0100011011 0011000100 1010001110 0110111101 1010100110 0001110101 1111011000 0100101010 1101000011
0001011000 1010001011 0100000111 0110010000 1111110101 0100110110 1001011100 1010100011 1101101110 0011101001
10 10
1110001110 0010011000 0111001001 1110001100 1101100011 0001110001 0000011000 0001100011 0111001111 0111011110
1110001101 1000100111 0010001101 0001100000 0001100010 1110011111 1101110110 1000110000 1000100001 1111110110
9 6
000001 110011 100010 011110 101011 010001 110010 011000 010011
011001 001011 111001 010010 010100 101000 111000 100001 011011
3 9
101111010 010100110 111001011
111110110 000100001 000111111
3 10
1001001100 1111110101 0101100000
0001011011 0111100010 1011001110
4 5
10000 11000 00111 00011
01110 10000 10100 11110
10 10
1101100100 0100001111 1100011001 0010101011 1011110010 0100110000 0011011101 1011100000 1111001110 0000010111
1100111100 0010001110 1011000101 1011010111 0011111000 1101000001 0000110010 0100010101 0100101010 1111101011
10 10
1100110110 1011101100 0101010101 0111100111 1000000011 0010001111 1111001010 0000111110 1010001011 0101100111
1101100111 0100110110 1000111110 1111100111 0010001011 1101010101 1010001111 0000000011 0011101100 0111001010
2 6
111110 100000
100000 111110
4 4
1110 0000 0001 1111
0011 1100 1101 0010
7 7
0010101 0111100 0011101 0101011 0101101 0100110 1100111
1001011 1010011 0101001 0101000 1000010 0111101 1000011
6 9
111101111 000010001 010100001 101011111 101101110 000100000
010010001 101011110 111011111 000100001 000010000 101101111
10 10
0110101011 1010001010 1101100010 1000110100 1011011101 0000001100 0001010101 1101011001 0110100111 0111110010
1000010011 0010000011 0100111100 1111101101 0111010101 1110110100 1001001010 0101101011 0010111000 1001000110
10 10
1010000110 0001011111 0001110001 1110100010 0001110101 0001001001 1110001111 1110111000 0111110110 1100001000
1010011010 1100100101 1100011001 0111101010 0001100100 1100110011 0011010100 0011100011 0011001110 1100011101
7 10
0100101101 1000101010 1111110011 0000100010 1000111111 0000100001 0111000011
0010010101 1101010111 0110011111 1100110010 0010100101 1001110100 0100101011
9 9
010110101 110000100 111111110 101100000 111000010 011101111 101011101 110101001 111100111
011100010 011011111 000010110 001011000 001000001 101010000 100001010 000111011 001111101
10 10
0001111001 0010010010 0000011011 1101101000 1111100100 0110011111 1001000101 1010110010 0110000101 1101101110
1111000110 1111000000 0011010111 1011101011 1000011100 1101001010 0000111100 0100101011 0100110001 0010110101
10 10
0101100011 1001001000 0011101100 0000010010 1110111111 1000000101 0100110110 1111011011 0110001100 1011110001
1000110000 0111110100 1010001010 1110101110 0000000011 0110111001 0101001101 1011011111 0001100111 1101010000
6 10
1110010001 0101001101 1101010110 1011011100 1111111001 1000100110
1111010111 0011111001 1111101010 1000110010 0000101001 1000110011
8 9
101111100 100010010 010000110 101110111 101100100 010100110 111000111 000100011
100000101 010001011 010001110 110100101 111011011 100100010 111101011 011100000
2 5
11000 11100
01101 01001
2 8
00011001 11001110
00110001 11100110
10 10
0100011011 1010010110 1011010101 0101001000 1110100000 0001101110 0010110111 1010100011 0101011101 1101101000
1011001001 1010001111 0100000111 0101000100 1010011010 0001110010 0010111010 1101100101 0101110001 1110111100
4 6
111010 100001 101100 000000
011111 010010 001001 110011
10 10
1010111010 0101111100 1111011111 0010001010 1011110100 1100100010 0101100111 0011011101 0100000001 1000000001
1010011100 1101000000 0110011110 0010110101 0001000000 1100111101 1011001011 1100100110 0011111011 0101100011
2 9
100001001 100111011
111100001 111010011
3 7
0110110 1110110 0011110
0000000 1100001 1011010
1 2
00
01
3 5
11110 01111 10101
01110 00101 10100
5 9
000011011 110101100 011101001 111111010 011100110
001000111 001111010 111110001 011011110 100111000
10 10
0110010111 1001101001 0000100011 1110000110 1001101010 1111111000 0011010100 0000010001 1111011110 0100101101
0110111101 0001010010 1001000011 1100000000 0110111110 0000001010 1111000101 0000101100 1111110111 1011111001
8 9
011101110 111101010 010101110 000111000 111001010 011001110 000011000 010001110
100010100 110000010 101110100 001010000 110100010 001110000 100110100 101010100
3 6
101011 000101 100110
011011 110101 111000
10 10
0101100011 1110101011 1011011010 0000110000 0010001111 1010111100 0111111001 1000000100 1101000110 0101010101
0011111001 1011101010 1100110000 1110001111 0000010100 1011011100 0100000011 1001000110 0101100101 0110111011
2 9
011010001 011111001
100001100 001001101
1 8
11101111
01101101
1 5
01110
11100
2 8
10010010 10000010
11011000 11001000
10 10
0001110100 1000101011 1101010110 0110001000 1100001110 1111010001 1100100011 0010111101 0011111010 0011000101
0001100100 1101000110 0000010001 0100011001 1111001000 0011100011 0000111100 1110001111 1010111010 1111110111
9 6
101101 101111 000111 101011 000100 101100 101001 001101 001110
101110 101101 101111 101001 101011 001100 000101 001111 000110
10 10
0101100000 1000010010 1111111001 1111000110 1010000110 0000111001 0110100111 0100111000 1001011101 0011001111
0010011111 1100100001 1000100000 1101111001 1011010110 0000001011 0111100000 1110111110 0001000100 0111011111
10 10
1010111111 0001001011 1001010101 0100100010 0010001101 1101100000 0010011101 1111010010 1111111010 0100100100
1101111011 1010100100 0011100000 1000010110 0101011001 1110010001 0101001001 0011100110 0110001111 1000111110
2 7
1010100 1010111
1100111 1100100
4 6
011000 010100 010011 010000
001001 000001 001010 001101
10 10
0011111110 1001101100 1100000001 1110100011 0001001001 0110011100 0010010011 1011010010 1100100111 0101111100
1110101010 1110001100 0111110001 0000011110 1100101110 0001110011 0011000100 1011100001 0100010001 1001011111
4 5
01111 11001 10000 00110
00111 01110 10001 11000
2 6
000110 100110
000111 100111
6 6
001111 101001 111011 010101 010001 011110
000000 111011 010101 010001 011110 110101
8 7
0010111 1100111 0111111 0011001 1101011 0011000 0111010 1010010
1010100 1111000 1010101 0011001 0001011 0000010 0111101 1111110
1 4
0100
0110
8 8
11110011 00110111 00100101 00011010 01101101 00001000 11100001 01111111
11010111 11101000 11111010 00101100 10100000 11000101 00111110 10110010
5 5
10110 00111 01010 01001 00000
11110 01110 00110 01001 10010
6 10
0111011001 0101011111 0001000110 0111010001 0011000000 0101010111
0000110110 0010110000 0000111110 0100100111 0010111000 0110100001
10 10
0101011000 1110011111 0000011101 0010000010 1100110110 1101101101 0011110001 1011101011 1001100100 0110000010
0101010001 1010110111 1110111110 1101001100 0011001110 1000111000 0110001011 0001010001 0000100010 1111100101
10 10
0001000010 0010010101 0111110100 0010011101 1001011111 1101101011 1110001010 1110110010 0001100101 1100101000
1110010011 0011011110 0001000100 1110110100 1101100011 1000000010 0010011101 0001111100 0110101001 1101101011
10 10
0101100101 1001100000 0011010011 1110010100 1010001011 1111111100 0000010010 1101001000 0110111111 0000101111
1100101000 0101011010 0011110111 1011011100 1111000011 0000101101 1010110100 0110011011 0101100111 1000000000
8 5
01100 11001 01010 00010 11011 01110 01000 00111
00000 00010 00110 00100 01010 01111 10011 10001
4 8
01001011 11010000 11001011 01111111
01111101 01100110 11010010 11100110
6 9
100001101 100000101 001010001 001010010 100000110 100001110
100110110 001100010 001101010 001101001 001100001 100110101
4 5
00110 01011 01001 00100
11001 11011 10110 10100
10 10
0110000110 0100101001 1100011111 1010011000 0011111100 0001100011 1110010101 1001111010 0011000000 1101100111
0110011011 0111100011 1000111100 1101111010 1000000000 1010011111 1111010101 0001100100 0010000110 0101101001
5 7
0000010 1001001 0001011 1011010 0010100
0010011 1101011 0110010 0110110 0010110
10 10
0100110111 0101011000 1010001001 0101100110 0101100111 1010100001 1010101010 0111011010 1010011100 1001010101
0110001011 0110110101 1010000110 0110110100 0111100100 1001011010 1001111001 1001110010 1001001111 0100001001
9 8
10000100 11110000 11101001 10101111 10101110 11010101 10000011 00011101 11000001
00101011 00010011 10010000 00100101 01101000 11001111 10101010 10010010 01101111
10 10
1011111110 0001100101 1100110100 0011001110 1001010011 0011001001 1100001001 0110011000 0110110010 1100100111
1001111100 1100000000 0001001100 0110000110 1001111011 0110111011 0110010101 1100101010 1011010111 0011100001
6 10
0101110010 0001011011 1010011101 1110111101 0101111011 1110110100
1110100100 1010000100 0001000010 0101101011 0101100010 1110101101
4 5
10000 00100 00111 10011
00111 00100 10000 10011
10 10
0101100100 1110011100 1101110011 0010111101 1010000011 0101001100 1100000011 1001101000 0010110011 0011011110
1010111100 1101001100 0101110010 1110100111 1001010011 0010000011 0101111100 0010101011 1011001100 0100010001
2 9
110111110 101110101
110001010 101000001
8 4
1010 0000 0111 0010 0001 1000 1001 1111
1000 1001 1010 0111 0010 0001 1111 0000
2 2
01 11
01 11
10 10
0000111111 1100011010 0111111110 1011110100 0101000001 1011001100 0100101011 1101000001 0010000101 1010110010
1100010001 1010011100 0101111011 1011100010 0011010101 1101001010 0110101110 1010100100 0100010001 0001101111
4 8
00110001 10101110 11011011 10110000
01011011 10110001 00110000 00101110
10 10
1100001011 0000000011 0011110011 1010111000 1101011011 1101001110 0111110100 0101101100 0010100101 1010010100
0100010101 1011000001 0010100110 0011110110 0100111001 1100001000 0011100011 1101011110 1110101110 1001011001
8 7
0111010 1100001 1101111 0011110 0111111 1010101 0101000 0010111
0101010 1110110 1110011 1110100 0000110 0001101 0010000 1111100
