100
1 2
01
11
1 9
001111011
101011001
6 10
0100001100 1001101100 0100111111 0111001001 1001110111 0010101100
1011001001 1010010110 1110100111 0011011011 1001110110 0000010110
10 10
0001101011 0110000011 0101100100 1100000100 1111110010 0010011111 0010011000 1001111101 1010011101 1101100010
0011100111 1000010001 1011100010 0100011000 0110001000 0101111110 1100011110 1011100101 0000000111 1111111001
2 3
010 100
010 100
4 6
010001 010100 001101 100100
111001 110001 000000 011011
1 10
1000100000
1011011110
5 4
1111 0111 1110 0010 0001
1000 0100 0101 1101 1011
10 10
1011111011 0111011010 0101010011 0000100001 1000111000 1010100101 0100000110 1011111100 0100001100 1111000111
1001001101 0010000110 1010011011 0110111101 1001000111 0111100100 1000010010 0101111001 0110111010 1101100000
10 10
0111000101 0000100010 1110010100 1111111010 0101111010 1000101111 0011000011 1100010001 0011101100 1000011101
0111010001 1000000011 1011100010 1110111010 1000101100 0100111010 1100000101 0101010100 0011011101 0011101111
6 10
0111100101 0001001101 1101100101 0101011110 0000011110 1111000100
1010100101 0010011110 1000011110 1110110110 1111100101 0000111111
6 9
001100100 110110101 100111100 101100111 001000100 001001010
110010001 111010100 110011100 101100101 011110000 101101001
3 8
10001110 00100011 00100000
11011010 11011001 01110111
6 8
00010111 10101000 01101010 01011011 10101111 00110111
00101000 10010101 00011011 10011011 10000111 10100000
3 9
101110110 110110010 001100101
001001100 101011111 010001000
10 10
1011001111 0101110000 0010011111 0101011000 0101111101 1100110100 1010100010 1110101010 0010000011 1001000101
1110000000 0000110010 1011100101 0111001100 1111101101 1001111011 0111010000 0000010111 0000111111 1100001010
2 8
10001101 11111110
10001001 11111010
8 9
010011100 100100101 100110101 010001100 010001110 100110001 010011000 100100111
010001010 100100011 010011100 100110101 010011000 100110001 010001000 100100001
8 9
000110000 010000110 101101111 011000011 101011011 001110000 100101110 000011000
100111001 011100100 111001111 110100111 110001111 011010000 010010001 101111100
8 7
0001011 0110011 1101010 1100100 1100000 1010001 1000101 1100001
0010101 1111010 0101101 1110100 1111111 1111110 1001111 1011011
8 7
1110111 1110011 0000000 0100010 0001001 1010001 0101011 1010101
0011001 0011101 0111111 1101010 1000001 1001000 0111011 1100011
10 10
0000011110 0011100100 0110101000 0010011011 0101001000 1111000010 1001110011 1000110101 1100101111 1111010101
0011000110 0110001010 1111100000 1100001101 0000111100 1000010111 1111110111 0010111001 1001010001 0101101010
10 10
0001011110 0001100000 1010111100 0100100011 1100011011 1011101111 0111000001 1110010101 0110011010 1001100100
1001111110 0001111010 1011110101 0001000100 0100111001 1110001111 0111011011 0110000000 1100000001 1010100110
2 3
001 000
111 110
6 4
0110 0100 0101 1110 0111 1111
1100 0101 1111 1110 0100 1101
7 6
110000 001100 100011 111011 101010 100110 100010
001101 000110 010111 011011 011110 110001 011111
3 6
011000 010111 100010
100100 001010 010001
5 9
111110000 101010011 001010010 000111001 011100110
000010011 111000101 110000001 111001111 011000000
10 10
0110011000 1111000111 1011101111 0011011111 0000110000 1100010101 0001111000 0001100110 1100001001 1110100010
0111111011 0111100111 0101001100 0000000001 1010001000 1101110110 0100101001 1011011110 1010010110 1000110001
6 6
010111 000001 110110 000011 100010 010101
111111 111101 101011 001000 101001 011100
6 9
101100000 010000000 101100110 001110110 001110000 010000110
100011110 000001000 100011000 011111110 011111000 000001110
2 5
00010 10110
10101 00001
10 10
1110101011 0001011001 0010010110 0100100001 0111010110 1011001110 0011110010 1100101101 1000100000 1101011101
1101110110 1011000001 0111000000 0011001101 0100101110 1000110110 1110111001 0010111101 1100010010 0001001011
1 7
1111010
1000110
4 9
101101100 010010111 010010101 101101110
101101100 101101110 010010101 010010111
10 10
0111110001 1000111100 1010001110 1101011001 0110100110 1001100000 1011011101 0110000011 0000111111 0101000010
0111111110 1101010110 1010000001 1000110011 0000110000 1001101111 0110101001 0101001101 0110001100 1011010010
10 10
0000000011 1100111011 0111011000 0010100110 1100111100 0101110000 1010000110 1111101101 0011010111 1001001001
1011000110 0101011011 0000100101 0111111110 0010001101 1110110100 0100101010 1000010000 1011000001 1101111011
1 3
000
000
2 9
110111100 101011000
000011100 110000100
2 5
00001 00111
10111 10001
6 5
00101 10110 01101 01100 01001 01011
10100 01111 00111 01011 01110 01001
10 10
1101110011 0010011010 1110010100 0001001111 0101101011 0001110100 1010010100 0111100101 1000001011 1110101000
0100000001 1011011101 0111101111 1101111110 0010010000 1011100001 1000000110 0100111010 1111100001 0000011110
6 7
1000111 0001011 1011110 1010001 1010111 0100011
1010101 0101000 0110001 1111101 0100111 0100001
10 10
0011001111 1010000000 1001100001 1111111101 0010011110 1100101000 0100000000 0111010111 0100110110 1001111011
0101111110 1000011101 1011001000 0100101111 0000110111 0011100000 1110011011 0011010110 1110000001 1101100000
2 5
00101 00100
00110 00111
2 8
01111110 11001010
11010011 01110111
6 6
100101 111100 000001 010010 110110 011000
111111 000010 011011 010001 110101 100110
10 10
1101111000 0011011010 1000000101 0110001101 1110100001 0001110110 1001000000 0111111111 1010001011 0100110110
1100000100 1000111100 0100110010 0010111011 0011001001 0001110010 0110011110 1101000001 1111001111 1011100101
10 10
0000000011 1011001001 0010101001 0111111111 1100111011 1100111100 0101010010 1100010100 1011100100 0011000110
0111101110 1110100011 0110000001 1110001110 0000010101 1001010011 1001111100 0101000100 0010111000 1001111011
10 10
0011110001 1001001010 0110001001 0100011001 1000111010 1011100100 1111111100 0001000110 0100000111 1110110111
1111110100 0001001110 1010101011 0110001000 0111111000 0000000101 1101000011 1000111011 0101010110 1010110101
7 8
01101010 00101100 01100010 00111100 01101001 01100101 01110001
11010010 10000111 10001011 10001100 10011111 10000100 11000010
10 10
1110100001 0100111010 0011110111 1011001110 1100110011 0001001100 0011001001 1100000001 1110110100 0001011110
1101100110 0101011101 0000111001 0010010000 1111000110 1010101001 1111010011 0010101110 1101010100 0000101011
9 7
0011010 0000101 1100000 0110100 0100001 1110001 1000111 0011101 1110000
0001110 0100110 1111110 1101100 1011001 1111101 0011011 1101000 0011100
10 8
00100100 01100100 11111000 01010011 01000101 11111110 00010010 10000100 11000101 00001010
10111101 00010000 10010101 01001100 11110010 11010001 00100111 10001101 10101100 00110000
3 7
1011110 0000000 1011000
1100100 1100010 0111010
10 10
1000001000 0000111010 1111000100 1010010001 0011100110 0101001101 1011111110 1100100011 0100111101 0111010011
1001011010 1100101101 0010011110 0001101000 1101011101 0110100100 0011110001 1010000110 0101000011 1110110011
10 10
1110100011 1010011000 0000010111 0000101001 0110010110 0101010010 1001101001 1111000100 1011111101 0101101110
0111011100 1001110011 1000010110 1101001010 1011100111 0111100000 0010100111 0010011001 0100011000 1100101101
4 4
1001 0101 0100 1000
0010 0011 1110 1111
7 9
000100010 101110110 111101000 011110100 111011111 100011110 001010100
110001000 100000001 011011010 011001010 110000110 001000110 011010111
6 5
11100 10100 11101 01010 00010 01011
10101 00011 01010 00010 10100 11100
4 5
00010 11100 01100 10010
10011 11101 00011 01101
10 10
0111010000 1010110101 0000100011 1101001101 1101010001 1000011101 0111011110 0001100110 1110101010 0010101010
0011101011 0110100111 1110011001 0100001111 1111011100 1001101010 1100010000 1001100100 0011110111 0000010000
10 10
1101100010 1010011110 0101111100 1101011011 0011100001 1010111101 0110010101 1000100010 0000001001 0111000110
1110001111 1110110110 0100101011 0011100100 0110010001 0000001100 1001010000 1001110011 0101111000 1011001111
10 10
1000010001 1010111001 0110001000 0111100110 0001110111 1101101011 0000111110 0110011111 1001000000 1111000100
1110011010 0010000110 0011001111 1100110101 1010110001 0101101110 0101111001 1011100000 1001001000 0100010111
10 10
1101100100 0010011110 0111100010 1111110000 1100101001 1000001111 1000011001 0010100010 0001011111 0111010101
1010100101 0100010010 1001100100 0000110100 1111011001 0000100010 1010011001 0111001011 0101011111 1111101110
8 10
0100101000 1001111000 0011111111 0110001101 1010110100 1001110001 1011100111 1101100100
0010000100 0110010001 1111011101 0001000001 1000001010 0000010010 0010001101 1101111000
10 10
1110111001 1110001110 1110110110 1100001100 0001011001 0101000000 1011100011 0001101111 0011110010 0000010101
0010100011 1000011001 0111111001 0101001100 0111110110 1000101111 1001010101 1010110010 0111001110 1100000000
10 10
0010101000 0110110011 1101011001 1111000010 0111110101 1110110111 0000001110 1000011100 0001001110 1001100001
0110001010 1000100101 1101100000 0111001100 0000110111 1111111011 1001011000 1110001110 0010010001 0001110111
2 6
111010 111100
011100 011010
10 10
1000010100 1011101011 0001110101 0110111010 0100001110 0111010010 0110001101 1001100001 1000010111 1111101000
1100100100 1110100111 0000111110 1110010000 1001011111 1111111000 0111000010 0000111101 0001001011 0011000001
2 10
0100011010 0101111000
0111110100 1111011100
1 3
100
110
8 9
110011001 100000111 101000001 110010111 011011010 100001001 111010001 001001010
010110010 111111111 100101001 000100010 111110001 101100001 101101111 110111001
10 10
0100011101 1010100010 1011001100 0010011010 0001100011 1101101000 0111011100 1110110011 0101000101 1000110111
0010100011 1100101010 0000111010 0110000101 1101000100 1111010001 1010001110 0101111100 0011111011 1001010101
8 10
0000100010 0011111010 0010010101 0000001111 0000001010 0011111001 1100000000 1100111110
0111001100 0001101010 1101000111 0000110101 0011110010 1111010101 0111011010 0111000100
4 8
10100111 11101110 01001010 10110100
10111101 01000011 01010000 00011001
10 10
1011110111 0001101000 0011001111 1110011011 0110011100 1100110001 1100100100 1000010110 0101101010 0011000001
0010000001 0110000011 1101110010 1000011110 1111011000 1111001101 0101110101 0000101000 0000100110 1011111111
10 10
0110100111 0100100000 0100001110 1001011000 1001101011 1010011100 0011100001 1001010100 0110110011 1111011111
1001000011 0000111011 0101111000 1100000101 0110110000 1011101010 0110001111 1001010111 0110111100 1011000100
1 2
00
01
5 7
0001011 1111110 1100100 1010111 0110100
1110111 1001000 0101011 0000010 0011000
2 4
0111 0100
1011 1000
6 9
111000010 101101001 000000101 100100110 001111110 000010110
010000001 101111001 101001110 100010010 000001010 100010110
8 8
01100110 01000111 00100111 10001110 11010010 00110111 01010000 10010001
01101110 10011001 11011010 01001111 10000110 00111111 01011000 00101111
10 10
0000100100 1110010101 1111000111 1011111000 0101101011 1000001000 0011100010 0110010011 0101111100 1000011111
1001100110 0100000101 1001110001 0010001100 0100010010 0001001010 1010010110 0111111101 1111111011 1110101001
10 10
0010101011 1101011011 1000000100 1011000010 1000101100 0100010001 0111111100 0111110111 1111110000 0000001111
0010011001 1011010011 0111000110 0100000000 0111101110 1111001101 0000110010 1101101001 1000110101 1000111110
4 9
100110011 011000110 100010011 011100110
001110000 110100101 110000101 001010000
10 10
0010110010 1111101100 1101110111 0000010001 1010000000 0101000011 1000011110 1111111101 0011101001 0100001110
0010011011 1101110111 1001101000 1000100101 1111010100 0000010001 0101111000 1110001111 0111100110 0010001010
2 8
11110101 11110000
01000010 01000111
10 7
0001110 0010011 0011010 1000111 1010001 0000001 0001001 1011011 1101100 1010010
0100011 1011111 1100110 0000010 0000011 1111101 0000110 0010000 1001001 0001011
6 9
001101000 000100110 001100000 011111100 000101110 011110100
011111011 011110011 010110101 010111101 000100001 000101001
6 8
10111100 00111110 10111101 11100110 00111111 11100111
01010001 10001000 10001001 01010000 11010010 11010011
2 10
1001010000 0000101101
1111010000 0110101101
3 9
011111010 111000110 001110100
100010001 000101101 110011111
3 5
11101 00001 11100
11111 11110 00010
10 10
1111001000 0011111110 0001100110 0010011001 1101000000 0000111011 1110110001 1000000111 1111100100 0100011111
0110010100 1010111100 0101101011 1011101001 0111110011 0100110110 1100001010 0000010010 1001001101 1011000101
7 9
011110010 001110101 010101011 110011001 000001011 101011111 111110000
001011101 101110111 001101010 011000100 100100011 000010001 101001110
10 10
1000101001 0101100111 0110010010 0100111010 0011011001 1000000111 1111010110 0001101000 1110100101 1011011100
0110110111 1011111001 0101101100 1110110010 1000001100 0011001110 1001010001 0010111101 0101000010 1100000011
7 6
100000 011100 001000 011010 011110 001101 001010
100110 000100 110011 111110 011100 110110 011111
2 6
110111 110011
000111 000011
7 9
000111101 110010101 110011010 000001111 011111100 110010111 001001010
001110000 000110101 111101000 111101010 111100101 010000011 001000010
