100
1 2
11
01
6 6
111011 110001 110010 110000 110011 101000
000011 000010 011000 000000 000001 001011
1 5
01011
10101
4 4
1010 0010 1001 0001
0000 1000 1011 0011
4 10
0000111100 1100010100 1111010111 0010010111
0110101101 0000000110 1011011111 0101010110
1 6
011111
100001
4 4
1100 1010 1110 1000
1011 1111 1001 1101
10 10
1100111110 0110011011 0000010011 1000111100 0110000001 1001100110 0101000100 0111111100 1011100011 1011001001
1100010111 1010000101 0101100010 0100111000 1001000000 1011111000 1010011111 0111001101 0111100111 0000111010
10 10
0000011100 1011111010 1011010111 1001110110 0010000001 0101101011 0111000000 0100101100 1110100001 1100011111
0010001110 1011111010 0011001001 1100011111 1100110010 1001000100 1110010011 0000100101 0101100100 0111111001
6 9
010000011 100011111 000001011 100101111 110010111 110100111
000101101 100111001 010100101 110110001 010010101 000011101
10 10
1001010111 1011011100 0100011110 1100110011 0111110001 0010101100 1010101110 0101101001 0001000010 1110000001
0000110010 1011110000 1101101101 0010101010 0101101111 1001000010 1110010100 1100011111 0110000001 0011011101
8 7
0111011 1010111 0100000 0011110 0010000 1000110 1110010 0010001
0111011 1101101 0101010 1101100 1000110 1100011 1011101 0001111
10 10
1110010000 1010001111 1111000110 0110101100 0000111011 1001100100 0101100011 0101010001 1010011111 0001111000
1111011101 0011101110 0110110111 1001001010 0111100001 1100100000 0000010101 1000001001 1100010010 0011111110
6 10
1011111110 0010110011 1001101100 0100100011 0000100001 1101101110
0100100011 1001101100 1111111100 0110110001 0000100001 1101101110
10 10
0000101010 1111110011 0100101110 1011010101 0111100001 0101010101 1010011000 1011000100 1000111010 0100001111
1010111000 0101100011 0110011101 1000001100 0010101010 1101110011 0110001100 1001010110 1001110111 0111000001
2 5
00011 10111
11100 01000
10 10
1101011001 1000111101 0100100111 0010110111 0011000010 1100011000 1010100111 1011000110 0111001000 0101111000
1100111100 1011110011 1101100011 0100011101 0001111001 1010000110 0101011100 1110001100 0011100011 0010000010
5 4
0000 0110 0001 0100 0011
0011 0110 0001 0100 0111
2 8
00101100 01000101
11010011 10111010
10 10
1011110111 1110001100 0000110000 1000010100 0100111001 1111011010 0111100101 0000000110 1111101011 0001001011
1001100111 0110010110 0101001010 1110101001 0000111000 1010000100 0001110101 1110011000 1111111111 0001000011
10 10
1001111010 0011001100 1011111111 0001110001 0101010101 1010000000 0110101110 1110011001 0100000111 1100100010
0111110110 1111000001 1010100011 1100111010 0010010000 1000011110 0011101111 0101001101 1101101000 0000010101
2 7
1100000 1111111
1011111 1000000
10 10
1101110010 1100010110 0101010001 1001101100 0110101101 0010011011 1011100110 0010110001 1101001000 0010001111
1100101110 1100010100 1101001010 0011010011 0100001101 0011000111 0111110001 1000110000 1010111010 0011101101
1 5
00100
01110
2 10
1011011010 0110010001
1001001110 0100000101
10 10
0010111001 1001000110 1111110011 0101000110 1110111100 0010101000 1100011101 1011001011 0101100101 0000010010
1011000101 0111000000 1100111010 0000111010 1100011001 0101100001 0110001111 1001101110 0010110111 1011010100
10 10
1010000010 0101010000 1110111001 1010010000 0101100111 1111101110 0001101111 0000111111 0011001100 1100010001
1101001010 1101111101 0010111101 1000010010 0010101111 0100111100 1001000010 1011100001 0111000011 0110010100
1 7
0100001
1110110
10 10
0011001101 1001110110 1000101110 1010100100 0010001001 0111010011 0101010100 1100000011 1110111001 0101111010
1111001000 1001011111 1101000010 0100101011 1110010000 0010011100 0101101111 0000110101 0010110010 1011100101
7 8
01001001 11101001 11101011 00000111 00010000 11010111 10000100
01110010 00110101 01111001 11110100 11101100 00001111 01001101
2 10
1000111010 0010000001
1100111010 0110000001
10 10
1000110101 0010000010 1101101010 1100001111 0101100101 1100011100 0111111000 0010010011 1011111100 0011000011
0001110101 0100101010 0101001111 0010111100 1010000011 1011000010 0101011100 1100100101 1011010011 1110111000
2 2
10 00
01 00
4 5
11111 10010 10000 11101
11110 10001 10011 11100
10 10
0001011001 0101000110 1111110010 0110111001 1010110110 0101001101 1010101110 1101000111 1010100001 0000011000
1110011010 0011000101 1000111011 0001110000 0100110100 1111011011 1011000100 0100101100 1011001111 0100100011
2 7
1100111 1110010
0010000 1110011
10 10
0001111000 1000000111 1011000101 0100000011 0000010000 0110110010 1111111011 0000001101 1111111100 1111101110
0000011000 0000011111 0100100110 1111101110 0111100100 1011100000 1110011011 0000001101 1111110011 1001010001
10 10
0100110010 1111001001 0000101100 1011011111 1101101000 1011010101 0010000110 0100010011 1100101011 0011110100
0001010100 0111100000 0101001010 1000001110 0001110101 1110110011 1010101111 1001001101 0110010010 1110111001
1 6
000001
111110
10 10
1000110011 1111000010 0111011110 1111000001 0000000101 1010100101 0000111100 0001111111 1110001000 0101111010
0000001011 1001000111 0001110001 0100001110 1011010001 0001001000 1110110110 1111111100 1110110101 0110101010
10 10
0111110011 1110101010 1000011100 1100101010 1101101001 0111000110 0010001101 1001010111 0010010100 0001110001
1100000110 0110001110 1001010100 0010111000 1100011111 1111100011 0011111011 0000111000 0111000101 1001100001
3 3
010 110 111
000 101 100
5 9
001000010 001000110 110111110 111001100 010010111
111011100 001011110 000001000 101110101 010110010
8 10
1101101110 0101100111 0001010001 0111000001 0101110011 1101111010 1111001000 1001011000
1000001100 1110011100 0100110011 0000000101 1100101110 0110010101 0100100111 1100111010
2 5
10101 00101
00101 10101
2 3
111 011
101 001
1 5
10111
11110
2 8
01011111 10011001
10100001 01100111
5 10
1110010111 0100000000 1010101010 1101110100 1100001000
1010000111 1100100101 1110111010 1101011001 0100101101
10 10
1111101000 0010000111 1001001011 0101001101 1100110101 0110100011 0100110000 1011011110 1010010000 0001111110
0000000110 1011101000 0101001000 0011111111 1110010000 1010100110 1000110011 1101001101 0111011011 0100110101
10 10
1101001000 1111110011 0001010001 0001001101 0111110110 1010010001 0010101010 1010010110 1100101111 0100101100
1011111111 1110011110 0111111010 1011100011 1101000100 0101000001 0000100100 1000011000 0110011101 0000100011
6 8
01001000 11100010 11110010 01011000 10001010 10011010
01101101 00010101 01111101 10101111 00000101 10111111
4 6
100111 000001 100011 000101
001010 101100 001110 101000
4 7
0111110 0110110 0000011 0001011
1000001 1110100 1001001 1111100
4 4
1111 1110 1011 1010
1011 1010 1111 1110
4 4
0001 1001 0011 1110
1101 0000 0111 1111
4 6
001011 001000 111111 101001
011111 111110 101000 011100
10 10
1011011101 1111100011 0000000110 1101010000 0010001111 0100101100 1110111000 0111000011 1001110110 0000111001
0010111000 0110010010 0001010111 0110101101 1111100010 1000101100 1001110111 0100011011 1011000100 1101001001
3 10
0001101101 1011101011 1101001011
1110110111 1001101100 0001110011
10 10
1001010101 0110111111 0000100010 0010100111 0101010000 1111101000 1000010100 1010011011 0101101001 1111001110
0100000110 0011011100 1010101101 0101000111 1001111011 1110110101 1100110000 0011111010 1001000010 0110001001
10 10
0010110100 0100110001 1110000000 1011111110 0101001001 1001011010 0110111111 1100000111 1001000110 0011101001
1001011011 0011101000 0100110010 0011110100 1000000110 1100001101 1111111011 0001001100 0110110101 1110000011
10 10
1100010101 0001001111 1101011100 0000111011 0110110010 1011001111 1000011100 1110100010 0111100000 0011100001
1000101100 1010000010 0100111111 1110000011 0010101100 1111010001 1001011000 0111000001 0001111111 0101110110
10 10
0110010011 0000101001 0111110100 1100111101 1110000101 0011111000 1101101111 1001010010 1010000110 0001001010
0111010000 1011000101 0110110111 0001101010 0000001001 1101111110 1000010001 1100101100 1111000110 0010111011
10 9
011010010 010010010 110010101 111011100 110100011 110100111 111100011 111100111 110011100 111010101
101010001 100010101 100010001 100100111 001100000 101100111 100101110 000100000 101010101 101101110
2 7
0111111 0111100
0111100 0111111
10 10
1010100111 1010111100 0101010110 0000110000 1101101101 0001111001 0111001110 0100001011 1110000011 1011010000
1101110001 0100010111 0111010010 0001100101 1010111011 0000101100 1011001100 1010100000 1110011111 0101001010
4 8
00011001 11001101 01010001 00011000
11000001 00010100 01011101 00010101
4 6
010100 001010 011000 000110
111011 101001 100101 110111
4 6
000111 100110 011101 000001
010100 011011 100101 100001
2 6
011111 010101
110001 111011
8 5
01101 00001 01111 10000 00000 11100 00011 01100
00001 10000 11100 00000 00011 01101 01100 01111
4 4
1001 1100 1110 0100
0110 0111 0101 0011
2 10
0101111011 0011101011
1010101011 1100111011
5 10
0011010000 0001010100 1100011000 1001100001 1011000001
1010111110 0111110010 0000101011 0010001011 1000111010
7 6
101100 001100 011111 110000 100100 100011 001011
101001 011111 000111 111010 010010 100000 011100
1 4
1101
1110
10 10
0100110100 1011100010 1111111001 1110001011 1101100101 0000110001 0011011100 0001001010 0110001110 1000010111
0000100100 1110011101 0110100011 1100001011 1001110101 1011001111 0011001010 1101110000 0010111000 0101010110
6 7
0110011 0110110 0110111 1101110 1101111 0110010
0001010 1010011 1010010 0001111 0001110 0001011
10 10
1011110100 1101101011 1010110100 0111000000 0001000001 1110111011 0100011110 0101010111 1000101100 0010001011
1010010010 0000100111 0101101000 0110111000 1110000100 1001011000 0001100111 1111001101 1100010011 0011111111
2 6
001010 000101
000010 001101
3 4
1000 1001 1011
1000 1001 1010
6 9
110011111 010011011 111100100 010011010 111100101 110011110
111101100 011101000 111101101 110010111 110010110 011101001
6 5
11101 01100 01111 01110 11100 01101
10010 00011 10011 00010 10001 10000
3 9
100101010 101101011 100001101
110000000 111010001 100011001
8 9
110011100 111100101 010101100 010101000 110011000 100111101 111100001 100111001
011001011 000010111 101011010 101011110 001101010 000010011 001101110 011001111
1 9
001100000
011110110
2 3
110 010
000 100
1 8
11101011
11101010
2 7
1111100 1100010
1111010 1011100
6 9
110011110 110011010 001111110 001111010 001110111 110010111
110011101 001110100 001111001 001111101 110011001 110010100
10 10
1101110011 1010101010 1011001100 0101010000 1100000101 0000000111 0111110110 0010111001 0010001110 1101111001
1100011111 1010100000 0001101011 1100010101 1101101001 0011010101 0100111100 1011000110 0011100010 0110011010
3 4
1100 0111 1101
1001 0000 0001
10 10
0101101100 1011001111 0001111001 0110111000 0101001011 1000110111 1110010100 1010100100 0010000010 1101010011
0101001110 1000010101 1011000001 0011101101 1111111011 1100000000 1000110010 0111011101 0110110110 0000101010
10 10
0101101110 1000011011 0010101010 0100111100 1110000111 1011110101 0100000001 0011010000 1011110111 1101001000
1010001000 1101011001 0111011111 0010101111 0010101101 0001000011 0100010000 1011110010 1100110110 1101100100
10 10
1011101011 0010100100 0101010000 1100111001 0111101110 1000010110 0011101001 0100011111 1101000011 1010010100
0000011000 0110110101 1111011100 1001100101 0001100111 1101100010 0010011010 0111001111 1000101000 1110010011
10 10
1111011000 1100000101 0111111001 0101101010 1000110111 1010000011 0011100110 1001001000 0010111110 0100010101
1101100011 1011110011 0000000101 0110101110 0101000010 1110111110 0001011101 1000111000 0111010001 1010001100
2 10
1001101110 1101001010
0011111111 0111011011
2 6
110000 001111
001010 111111
3 7
0100110 0011101 0001111
0010110 0100011 1001101
10 10
1001110011 1100100111 1110011000 0000111000 0101001101 1001010110 1011111100 0011000011 0110101001 0110000110
1100111011 0100001010 0100100101 0111101110 0010011011 1110000100 1001011111 1011010000 0001100000 1011110101
